{
  "updated": "2026-04-18T09:40:34.441111+00:00",
  "tickers": [
    "AA",
    "AG",
    "AIR.PA",
    "AMAT",
    "ASML.AS",
    "BA.L",
    "BMW.DE",
    "CCJ",
    "CF",
    "CLF",
    "DHT",
    "DINO",
    "EQNR.OL",
    "EWZ",
    "EXK",
    "FCX",
    "FRO",
    "FXI",
    "GDX",
    "GLEN.L",
    "HAG.DE",
    "HII",
    "HL",
    "HO.PA",
    "IBB",
    "KTOS",
    "LHA.DE",
    "MOS",
    "MP",
    "MSFT",
    "MUV2.DE",
    "NOVO-B.CO",
    "NUE",
    "NVDA",
    "OXY",
    "PAAS",
    "PLTR",
    "PSX",
    "RHM.DE",
    "RIO.L",
    "SBLK",
    "SCCO",
    "SIE.DE",
    "STLD",
    "TTE.PA",
    "UUUU",
    "WPM",
    "XBI",
    "XOM",
    "ZIM"
  ],
  "matrix": [
    [
      1.0,
      -0.07875450955019633,
      0.17215883015422057,
      0.11594780822553935,
      0.046656818800742725,
      0.31332669480838043,
      -0.09747454169517217,
      0.29961387978382226,
      -0.2299442003138819,
      0.1985222834962942,
      -0.023261400823582423,
      -0.05018093829605097,
      -0.0020563917938360016,
      0.32252928029650574,
      0.1286990547316413,
      0.046237557498200334,
      0.10129327853506653,
      0.05270305110056972,
      0.36450181128949327,
      0.24254816892639453,
      0.13778069066053966,
      0.009664214132507343,
      0.04088731840080963,
      0.011534935182179832,
      0.20829232483174867,
      0.07758234700426608,
      0.09208756477971294,
      -0.0872704284284597,
      0.25807473163738864,
      0.16483079371475906,
      0.004117260442494903,
      -0.04477591860710358,
      0.3471586204183926,
      -0.010027634629449483,
      -0.13028067244723004,
      0.07340739342272935,
      -0.0040822396927028045,
      -0.09084052822588864,
      0.07741603209123198,
      0.12002938479727672,
      0.11495520753378399,
      0.03511259619711338,
      -0.053709179609348984,
      -0.03254140040162769,
      -0.07669419805375406,
      0.2915336750885751,
      -0.04940325497903002,
      0.16599317024277022,
      -0.14364545862178052,
      -0.1311336238987404
    ],
    [
      -0.07875450955019633,
      1.0,
      0.0013788039795333824,
      0.2526476639454457,
      0.0017230373576528624,
      -0.07087983683710086,
      -0.15462026086645575,
      0.05383314425694337,
      -0.03286165809914403,
      0.2723552191963091,
      0.17947141363000868,
      0.11371253885063992,
      -0.055000953714789656,
      0.1896155810037049,
      -0.015396235756355004,
      0.5983614602810687,
      0.06843549165554651,
      0.27632864144165636,
      0.06217089642766071,
      -0.04534024551692971,
      0.03125757920095628,
      -0.00251774415478446,
      -0.07240529010123259,
      0.0011388138974978725,
      0.11685458027348072,
      0.15911737066265147,
      -0.18357740868347197,
      -0.20215315938237088,
      0.06919060944394545,
      0.022605067479463645,
      -0.01359101460992822,
      -0.03470900973023247,
      0.15598113398693064,
      0.20593335653141703,
      -0.11828974059525577,
      -0.09713373484885107,
      0.2633201097346898,
      0.029910679806400366,
      0.24797633936448363,
      -0.07706362793255972,
      0.033193197022449515,
      0.6069683743335528,
      -0.069027620806468,
      0.30894376580300453,
      0.17134513167075494,
      0.1478313110287683,
      0.6794583915852923,
      0.1853467622306032,
      -0.09801453126354556,
      -0.10430165406915037
    ],
    [
      0.17215883015422057,
      0.0013788039795333824,
      1.0,
      0.07574971381742282,
      -0.11181643945944186,
      0.5567793965432839,
      -0.21795084312358065,
      -0.07441296062232511,
      -0.16778633654960284,
      -0.11932559859680364,
      0.06290334802998167,
      -0.06618599405261352,
      -0.08946337267622723,
      0.022828527563369665,
      0.39788918836242443,
      0.02814133478348588,
      -0.11307829617957926,
      -0.03466806482571687,
      0.148480301194919,
      0.16822177502067015,
      0.6543365590661617,
      0.6040432654818004,
      0.37233099550665516,
      0.2763943325337844,
      0.07290535105275839,
      0.5122390010016925,
      0.02684001771163831,
      -0.20032819351658904,
      -0.1494474680869565,
      0.026287228153182365,
      0.1376200337587385,
      0.06481834499342218,
      -0.023019916385018994,
      -0.04537386783925697,
      0.06297045539329713,
      0.350555383118293,
      0.07218017194825563,
      -0.13306944504698331,
      0.48155432063628933,
      0.014877802235672654,
      -0.02669858325344064,
      0.029468475448321547,
      0.018959308004712412,
      0.06730167685019953,
      0.1477188734413004,
      -0.11072646853344482,
      -0.04695147162182038,
      0.021228131097178776,
      0.026048758304182896,
      0.079158200143438
    ],
    [
      0.11594780822553935,
      0.2526476639454457,
      0.07574971381742282,
      1.0,
      0.03853960951323229,
      -0.013198216061852546,
      -0.012380739295066813,
      -0.06948360103152965,
      0.22517388912401737,
      -0.17625069729277892,
      0.15228342165095468,
      0.2469123880091042,
      -0.1661637317072853,
      0.07022664443402715,
      -0.041389342456175336,
      0.5528358025570624,
      -0.1706462988026265,
      0.3866727488825929,
      -0.05852415911760124,
      -0.06086488813224139,
      0.062345845080435475,
      -0.11449482022720972,
      -0.04677550191079634,
      0.1549350740075911,
      0.1600796369162361,
      0.0944089065423864,
      -7.897164892110221e-05,
      -0.11148330611125512,
      -0.0841453020165053,
      0.11471249620984086,
      -0.12517597881990905,
      0.1359012644975318,
      0.05750962295027284,
      0.6026963308602662,
      -0.35022820971542534,
      -0.043350938314684825,
      -0.03610323552441046,
      -0.23873461891689962,
      0.08575256631691516,
      0.08202806769307777,
      -0.052452690942762725,
      0.4842724588711548,
      0.07357137843811076,
      0.4469219191277619,
      -0.08339754783337436,
      -0.07951441468361736,
      0.3057810217909933,
      0.16764418575923523,
      -0.257580620513525,
      -0.023149722818565713
    ],
    [
      0.046656818800742725,
      0.0017230373576528624,
      -0.11181643945944186,
      0.03853960951323229,
      1.0,
      -0.07480102124124074,
      0.5191063595771569,
      -0.0799349524241425,
      0.10846770903537226,
      0.1483752723414237,
      -0.04880331992027438,
      0.014821574023752776,
      0.11385315800708332,
      -0.1112957674380358,
      -0.1687414811714632,
      0.10810411840589756,
      -0.11752148015504457,
      0.17448240801866444,
      -0.21224416912156968,
      0.21721951462556482,
      -0.165295711759035,
      -0.2253731615029274,
      -0.2564423114012747,
      -0.0992914022037065,
      -0.18531147520008248,
      -0.22633898780799316,
      -0.18639809193239387,
      0.04913378082175987,
      -0.14185882259768562,
      0.29276622467995717,
      0.17611304243807435,
      0.004767928434629802,
      0.05133331103671449,
      0.2384357244035496,
      -0.17104894783898328,
      -0.2301857354845206,
      -0.01127662146931743,
      0.3205258618511211,
      0.17777626719813594,
      -0.10718776611789779,
      -0.11249695144157436,
      0.1655075705735378,
      0.5811425126213522,
      0.18168261222639465,
      -0.2706404430178048,
      -0.09650332351213911,
      0.022328063284459715,
      -0.23297480166074247,
      -0.047191939343983774,
      0.27372364140501826
    ],
    [
      0.31332669480838043,
      -0.07087983683710086,
      0.5567793965432839,
      -0.013198216061852546,
      -0.07480102124124074,
      1.0,
      -0.12650911232981238,
      0.39745102586136527,
      0.1254186509738489,
      0.12686028807079106,
      0.0830958965501443,
      -0.02518179737558304,
      0.1798495055947132,
      0.1840176524774738,
      0.009380902798618621,
      -0.06660934696296505,
      0.09853507848429956,
      0.1736790481510208,
      0.2438225090848024,
      0.2005137465448678,
      0.5452617983496303,
      0.5158370382397717,
      -0.0025084657881489234,
      -0.07754254946410581,
      0.24857758088859663,
      0.6460647181777879,
      0.0009315374730055372,
      0.14179375560935237,
      0.20600449979487467,
      0.08177961375029338,
      0.14302800147097472,
      0.010632314362473014,
      0.24107247795044895,
      0.01296447248717517,
      -0.13017974585101547,
      0.06947758694055461,
      0.04309117044742715,
      -0.07114065633326108,
      0.632817824626162,
      -0.19545656833143343,
      0.1941058025626666,
      -0.04453045056652628,
      -0.09641778581987633,
      -0.13495356389665267,
      0.01546907354321466,
      0.3132340576743157,
      -0.060535395974754935,
      0.18265465194551275,
      -0.16707387755352526,
      -0.013004750429619927
    ],
    [
      -0.09747454169517217,
      -0.15462026086645575,
      -0.21795084312358065,
      -0.012380739295066813,
      0.5191063595771569,
      -0.12650911232981238,
      1.0,
      0.08248910237503651,
      0.13045752079640158,
      0.09101513443732834,
      -0.04335306524693905,
      0.09685905351589297,
      0.009873454196827624,
      -0.049776516205249796,
      -0.28933208020541357,
      0.008652883160647632,
      -0.0060350700905581305,
      0.017590694216986384,
      -0.06338087452150865,
      0.2803812573462238,
      -0.19208815426457954,
      -0.359660953754821,
      -0.28764778964659665,
      -0.11947235924752864,
      -0.10182533795973228,
      -0.14301916259834654,
      -0.036405333663360184,
      -0.03859460715332014,
      0.010523504144980834,
      0.22906700581729517,
      0.29291301972890893,
      0.1147362139216555,
      0.04758746051077507,
      0.12402396700469977,
      -0.24839027520012616,
      -0.3148985924787052,
      -0.10400465352677524,
      0.2908855916704166,
      0.0731956723564782,
      -0.14527849914464114,
      0.05646855021874708,
      -0.027051433263356735,
      0.5588217032378096,
      0.07495352734923576,
      -0.30994311195642776,
      -0.0024221353022851706,
      -0.09419298457843812,
      -0.15238026482408712,
      0.11213767767894098,
      0.2453679320200756
    ],
    [
      0.29961387978382226,
      0.05383314425694337,
      -0.07441296062232511,
      -0.06948360103152965,
      -0.0799349524241425,
      0.39745102586136527,
      0.08248910237503651,
      1.0,
      -0.029137831695717507,
      0.40298789487631537,
      0.03078600488079967,
      0.07007944400882202,
      -0.01436005678976461,
      0.5494902501257946,
      -0.05589031321002387,
      -0.005225628305916423,
      0.4042125350749829,
      0.116025543466792,
      0.5346401678630177,
      0.38868366465449267,
      0.12568462183046247,
      -0.06199436843296705,
      -0.08717802533069971,
      -0.15938088878340595,
      0.4406573418372499,
      0.3282016851807683,
      0.18698264175732376,
      -0.010188173022320893,
      0.5383113574346519,
      0.08619598346414693,
      0.13513177227185041,
      -0.0358205704840238,
      0.3765990664131314,
      -0.009007166225742564,
      -0.1908154625650657,
      -0.05000914287602684,
      -0.023600158793581127,
      -0.034278595314134755,
      0.10454619002540472,
      -0.038693021896452934,
      0.4746626803961671,
      0.028642207157211497,
      -0.04377049057731931,
      -0.053168708970645864,
      -0.18328049419539422,
      0.6503675449917132,
      0.11996639220450288,
      0.3935623081934404,
      -0.19299600495834518,
      -0.04851781010383663
    ],
    [
      -0.2299442003138819,
      -0.03286165809914403,
      -0.16778633654960284,
      0.22517388912401737,
      0.10846770903537226,
      0.1254186509738489,
      0.13045752079640158,
      -0.029137831695717507,
      1.0,
      -0.09963835779100111,
      0.04945342898954627,
      0.30662090508226036,
      0.2043618853732575,
      -0.1035565382574804,
      -0.1868946044471756,
      0.043199215731428375,
      -0.07378746322358697,
      0.2880304341753267,
      -0.17858231998623347,
      -0.027100140386664136,
      -0.09673880907999899,
      0.06026737187215524,
      -0.15440212451011232,
      0.028800347906967623,
      0.015749194449213137,
      0.19675307229979863,
      0.11036186634389501,
      0.32528114117008744,
      -0.09099341884118253,
      -0.0916407100458768,
      -0.10759209231067343,
      0.06398515180630585,
      -0.06761511870726955,
      0.22472381013784226,
      -0.014517021821713591,
      -0.0739724903012541,
      -0.030651191351913833,
      -0.029644368998839755,
      0.0897731689579789,
      -0.1601407979524057,
      -0.07513629747713631,
      0.03483731963119241,
      0.18724305119060036,
      0.13495047191070825,
      -0.16435527171676567,
      -0.005041373437762788,
      -0.043503545580586514,
      0.07167785943663237,
      -0.11118605277239645,
      0.015667661581795715
    ],
    [
      0.1985222834962942,
      0.2723552191963091,
      -0.11932559859680364,
      -0.17625069729277892,
      0.1483752723414237,
      0.12686028807079106,
      0.09101513443732834,
      0.40298789487631537,
      -0.09963835779100111,
      1.0,
      -0.14869213795044484,
      -0.08299310998737273,
      0.09730486023705245,
      0.3133141156197103,
      0.09963906709561052,
      -0.0014341250114960021,
      0.36837144587433646,
      0.06018402403305404,
      0.2511463582243011,
      0.10218100337349481,
      0.06486035011922932,
      0.19073178615729242,
      0.0036635223477891115,
      -0.020538830665759965,
      0.2433069028046207,
      0.16961536340070155,
      0.11304036504472445,
      -0.13891510089502612,
      0.34434999026123614,
      -0.001794025705371475,
      0.0076228819192322795,
      0.02916097689563006,
      0.4444949934062908,
      -0.15109529294974164,
      -0.035886387260772395,
      0.050517140634349256,
      0.03315841043302732,
      0.12202572944925745,
      0.16025469119621177,
      -0.028859506212340912,
      0.3504116867577617,
      0.11030397951242762,
      0.07406424260653263,
      -0.03367603741600364,
      -0.11364228765690798,
      0.42550953332437697,
      0.22050597831631585,
      0.270772000622695,
      -0.08366747864535151,
      -0.010947248212787015
    ],
    [
      -0.023261400823582423,
      0.17947141363000868,
      0.06290334802998167,
      0.15228342165095468,
      -0.04880331992027438,
      0.0830958965501443,
      -0.04335306524693905,
      0.03078600488079967,
      0.04945342898954627,
      -0.14869213795044484,
      1.0,
      0.6834799741834489,
      0.545703219269661,
      -0.09147836795919197,
      -0.18712927600235474,
      0.25356004582664904,
      0.5481697105399763,
      0.1421760190721793,
      0.017014867631601916,
      0.1407465889198296,
      -0.027136543847753304,
      -0.11154133816708243,
      -0.19684568491397994,
      -0.16174555884090253,
      -0.10574209322671728,
      -0.047396407826759815,
      -0.06272097524904288,
      -0.10718782575648132,
      -0.08427034895902724,
      0.07820074476666834,
      0.02011446141082873,
      -0.025614169015282538,
      -0.10220784704601285,
      0.13502039257079376,
      0.5351069451202435,
      -0.16932510491227543,
      0.051342336376858956,
      0.5408780100539153,
      0.03637048031059817,
      -0.06170260804781954,
      -0.01278076703821639,
      0.24908677750953018,
      0.05878331766118393,
      0.20576196869126018,
      0.6295162942457659,
      -0.03616233930073018,
      0.12336546378612828,
      -0.15450935375697422,
      0.5391360201266592,
      -0.05682613434532682
    ],
    [
      -0.05018093829605097,
      0.11371253885063992,
      -0.06618599405261352,
      0.2469123880091042,
      0.014821574023752776,
      -0.02518179737558304,
      0.09685905351589297,
      0.07007944400882202,
      0.30662090508226036,
      -0.08299310998737273,
      0.6834799741834489,
      1.0,
      0.5782328955791742,
      0.06332771987490252,
      -0.057043931080113894,
      0.1213430223847818,
      0.6217448996793495,
      0.2788474967487532,
      -0.008476904989397436,
      0.06558963215037769,
      -0.07117618470007694,
      -0.0238996053115975,
      -0.06654459644177825,
      -0.08587906629753264,
      0.1142659098259601,
      0.13869728132694828,
      0.06796977187800343,
      0.18957392116738236,
      0.04876632810686786,
      -0.0777843548559445,
      -0.07455084572862913,
      0.09198916037105957,
      0.07184642162700702,
      0.15376387479806866,
      0.5123909192386944,
      -0.07830242983874466,
      -0.04039504784463993,
      0.5805133496316469,
      0.13376944524862086,
      0.10448078893983231,
      0.03980588796712099,
      0.12194777618791844,
      0.0387783345236291,
      0.12500113137856775,
      0.5438450262490393,
      0.059435319608951875,
      0.22036314144340308,
      0.14545464280298231,
      0.546492218176701,
      -0.042810530786390834
    ],
    [
      -0.0020563917938360016,
      -0.055000953714789656,
      -0.08946337267622723,
      -0.1661637317072853,
      0.11385315800708332,
      0.1798495055947132,
      0.009873454196827624,
      -0.01436005678976461,
      0.2043618853732575,
      0.09730486023705245,
      0.545703219269661,
      0.5782328955791742,
      1.0,
      -0.10439341615043649,
      0.027013873894811462,
      -0.20966605241091751,
      0.5646699215790117,
      0.015627850644892444,
      -0.2025550975127648,
      -0.04123988678975221,
      -0.09397168226657543,
      0.02353170124322075,
      0.08537275652536866,
      -0.10007794378236062,
      -0.10505397893041761,
      0.14785848445861322,
      -0.0012484096835013512,
      0.2411464294667917,
      -0.05663280418001333,
      -0.021638725274320786,
      0.05912450549179691,
      -0.0054152614210970975,
      -0.03676605761874245,
      -0.04475685847994335,
      0.5959986625319065,
      0.09365518040561108,
      0.13274680390546834,
      0.6420708151093166,
      0.04975968202248637,
      -0.13830899101870123,
      -0.0703197641262667,
      -0.17590950579437137,
      0.013169685287941359,
      -0.25769862134268895,
      0.5786065593267009,
      0.020444760239838333,
      -0.11407820104958168,
      -0.06667623669243315,
      0.6333382851331671,
      -0.02695437157721398
    ],
    [
      0.32252928029650574,
      0.1896155810037049,
      0.022828527563369665,
      0.07022664443402715,
      -0.1112957674380358,
      0.1840176524774738,
      -0.049776516205249796,
      0.5494902501257946,
      -0.1035565382574804,
      0.3133141156197103,
      -0.09147836795919197,
      0.06332771987490252,
      -0.10439341615043649,
      1.0,
      0.023886727834341304,
      0.11034043431737028,
      0.39653663373916676,
      0.08558665741657229,
      0.47988927480226384,
      0.23542086324538658,
      0.3920021879281192,
      0.042335879523187944,
      -0.03226007572722109,
      0.2058221378028976,
      0.592754030236334,
      0.307234173408805,
      0.23593965242558573,
      -0.14992482935918022,
      0.4333323014878678,
      0.125466542124982,
      0.08437597105060261,
      -0.17551336303820264,
      0.3937668575098181,
      0.03581687936475432,
      -0.13129767570005313,
      -0.030844673635252798,
      0.10916243345878832,
      -0.13419717444748885,
      0.102889326148447,
      0.13879381683911066,
      0.3906061985240675,
      0.11853982471558448,
      -0.12324828384103005,
      0.02936319066664997,
      -0.11027923604453296,
      0.552513251268742,
      0.18160886376700525,
      0.5672068486688308,
      -0.19219577152392345,
      -0.10210002045844022
    ],
    [
      0.1286990547316413,
      -0.015396235756355004,
      0.39788918836242443,
      -0.041389342456175336,
      -0.1687414811714632,
      0.009380902798618621,
      -0.28933208020541357,
      -0.05589031321002387,
      -0.1868946044471756,
      0.09963906709561052,
      -0.18712927600235474,
      -0.057043931080113894,
      0.027013873894811462,
      0.023886727834341304,
      1.0,
      -0.10419901784463168,
      0.06961444131444272,
      0.028314449922639953,
      0.14970675452356363,
      -0.04317432793558312,
      0.22345434370108647,
      0.24809088229768222,
      0.7142073490426725,
      0.32376285817428363,
      0.0802923118219661,
      0.15369310394610053,
      -0.06132643351149929,
      -0.21923202227014219,
      0.020837767500594087,
      -0.06287609110892893,
      0.0316416931600812,
      0.1128567520625684,
      0.16417436143242625,
      -0.06492326739401602,
      0.18987692288347902,
      0.7455562646080196,
      0.06282312867096214,
      -0.02898338920659556,
      -0.1934174815162791,
      0.033517362122179026,
      0.17338683660621118,
      -0.07238345878346952,
      -0.07304044455965569,
      -0.15381763076322297,
      0.21677259185337722,
      -0.03345817288301795,
      -0.010085593131834797,
      0.08080850749789167,
      0.15113067599853408,
      -0.03358692801540201
    ],
    [
      0.046237557498200334,
      0.5983614602810687,
      0.02814133478348588,
      0.5528358025570624,
      0.10810411840589756,
      -0.06660934696296505,
      0.008652883160647632,
      -0.005225628305916423,
      0.043199215731428375,
      -0.0014341250114960021,
      0.25356004582664904,
      0.1213430223847818,
      -0.20966605241091751,
      0.11034043431737028,
      -0.10419901784463168,
      1.0,
      -0.08419205693695031,
      0.40180870941946717,
      0.04249144128546775,
      0.05446638814875997,
      0.013092635915927065,
      -0.1769941622526878,
      -0.15639895971862652,
      0.09884043518698454,
      0.13776057677554027,
      0.014149409143681351,
      -0.15499863338486158,
      -0.23118805743320905,
      -0.016864234661780893,
      0.22606741186127305,
      0.0033394764674157464,
      0.021566813705573992,
      0.15784919409043952,
      0.4905238920980072,
      -0.3823908038622995,
      -0.17370425560885644,
      0.11358618516445851,
      -0.15417871865564942,
      0.17002345442125139,
      -0.036236518396737936,
      0.019178550982973788,
      0.7399929665499779,
      0.11230025621193551,
      0.5864370938720088,
      0.06049466842041056,
      0.009746119232796484,
      0.6141433613885956,
      0.16729855641086608,
      -0.2579432271292478,
      -0.0722223855348687
    ],
    [
      0.10129327853506653,
      0.06843549165554651,
      -0.11307829617957926,
      -0.1706462988026265,
      -0.11752148015504457,
      0.09853507848429956,
      -0.0060350700905581305,
      0.4042125350749829,
      -0.07378746322358697,
      0.36837144587433646,
      0.5481697105399763,
      0.6217448996793495,
      0.5646699215790117,
      0.39653663373916676,
      0.06961444131444272,
      -0.08419205693695031,
      1.0,
      -0.06077216857113364,
      0.30156203621961225,
      0.07374849063487357,
      0.1587486245162809,
      0.10471153878037175,
      0.04172812843252551,
      0.05756274186637852,
      0.319767989598384,
      0.11612027978117245,
      0.1461517056187312,
      -0.004926745752519309,
      0.38050094043279803,
      -0.03857852778832861,
      -0.01584645050124742,
      -0.14822482060197067,
      0.3182611643542848,
      -0.17002624104198405,
      0.5458458261198907,
      0.08017944108125138,
      -0.06270430926221257,
      0.5499042385494725,
      0.012496926461940804,
      0.15092476958769158,
      0.5146210511018033,
      -0.0534468976958454,
      -0.09331449365345248,
      -0.06964066529231557,
      0.5060791063929378,
      0.37949144348944686,
      0.10104088029931921,
      0.32264285609202736,
      0.536731060791842,
      -0.05846194292255796
    ],
    [
      0.05270305110056972,
      0.27632864144165636,
      -0.03466806482571687,
      0.3866727488825929,
      0.17448240801866444,
      0.1736790481510208,
      0.017590694216986384,
      0.116025543466792,
      0.2880304341753267,
      0.06018402403305404,
      0.1421760190721793,
      0.2788474967487532,
      0.015627850644892444,
      0.08558665741657229,
      0.028314449922639953,
      0.40180870941946717,
      -0.06077216857113364,
      1.0,
      0.03129278291940811,
      0.06288835251508254,
      0.09824070359699835,
      0.025532052209445825,
      -0.05644337998277628,
      0.06690401702453572,
      0.14993038260634095,
      0.18824395846826583,
      -0.09690893541302036,
      -0.037612448975229855,
      0.1069904193470542,
      0.2324961042831793,
      0.0025520512305954226,
      0.11512594641771962,
      0.31570252349808453,
      0.43362233860005006,
      -0.204796160319639,
      -0.01987330125409899,
      0.1969226899130726,
      -0.042299897908855855,
      0.22586585482220856,
      -0.10502748239849583,
      0.030219691371725116,
      0.4965466935723014,
      0.1792221601740805,
      0.30006732978476647,
      0.05265179404284703,
      0.11736509157959185,
      0.3754317215679925,
      0.127727881595143,
      -0.2502849058206314,
      -0.2286989391180168
    ],
    [
      0.36450181128949327,
      0.06217089642766071,
      0.148480301194919,
      -0.05852415911760124,
      -0.21224416912156968,
      0.2438225090848024,
      -0.06338087452150865,
      0.5346401678630177,
      -0.17858231998623347,
      0.2511463582243011,
      0.017014867631601916,
      -0.008476904989397436,
      -0.2025550975127648,
      0.47988927480226384,
      0.14970675452356363,
      0.04249144128546775,
      0.30156203621961225,
      0.03129278291940811,
      1.0,
      0.39174211630378625,
      0.1778312149664295,
      0.07514332462136261,
      0.14987223343464728,
      0.10770064437347018,
      0.42211064229772877,
      0.1655153125134615,
      0.10917293231270289,
      -0.05213762635582296,
      0.43098269890541746,
      0.17417633514820569,
      0.05456877365988874,
      -0.0655613222959434,
      0.31054023682435294,
      -0.05687131460814555,
      -0.0989084886058873,
      0.13510201943829142,
      0.07603607817957375,
      -0.1625488194998469,
      0.027279472047797307,
      0.13383643384377056,
      0.34254691723374514,
      0.056482228861784646,
      -0.09793351183226334,
      -0.017677313425330722,
      -0.014126175658112253,
      0.4633741840494043,
      0.12324345470075046,
      0.40835343332769586,
      -0.061976684569240825,
      -0.08540473265780496
    ],
    [
      0.24254816892639453,
      -0.04534024551692971,
      0.16822177502067015,
      -0.06086488813224139,
      0.21721951462556482,
      0.2005137465448678,
      0.2803812573462238,
      0.38868366465449267,
      -0.027100140386664136,
      0.10218100337349481,
      0.1407465889198296,
      0.06558963215037769,
      -0.04123988678975221,
      0.23542086324538658,
      -0.04317432793558312,
      0.05446638814875997,
      0.07374849063487357,
      0.06288835251508254,
      0.39174211630378625,
      1.0,
      -0.02759457684782306,
      -0.2529654733997818,
      -0.07362368227706087,
      -0.09936582980042351,
      0.24682961754441315,
      0.014249555608961115,
      0.11889093004511783,
      -0.060462191102079274,
      0.13665174784850714,
      0.271509723649481,
      0.44456345543083486,
      -0.09906706173140026,
      0.11650281320040094,
      0.1033782783668861,
      -0.16628397567943262,
      -0.09322862854154412,
      0.1406451993811749,
      -0.05922513631825026,
      0.03558382809650973,
      0.05077158111036777,
      0.20742811815803247,
      0.06287930933675534,
      0.34964242948693625,
      0.10747935887290438,
      -0.19263842286235044,
      0.27536003868460646,
      -0.002697196587102652,
      0.165053928539646,
      -0.004216982380037872,
      0.13829946721225334
    ],
    [
      0.13778069066053966,
      0.03125757920095628,
      0.6543365590661617,
      0.062345845080435475,
      -0.165295711759035,
      0.5452617983496303,
      -0.19208815426457954,
      0.12568462183046247,
      -0.09673880907999899,
      0.06486035011922932,
      -0.027136543847753304,
      -0.07117618470007694,
      -0.09397168226657543,
      0.3920021879281192,
      0.22345434370108647,
      0.013092635915927065,
      0.1587486245162809,
      0.09824070359699835,
      0.1778312149664295,
      -0.02759457684782306,
      1.0,
      0.6522983804214033,
      0.21428526237722778,
      0.5280580600820302,
      0.39620529715073927,
      0.5630067825326075,
      0.2018310264805584,
      -0.23018055420128464,
      0.12842085843369266,
      -0.01853933771897927,
      0.012650856537178205,
      -0.04987817141013012,
      0.2999013068692682,
      -0.11135372072101492,
      -0.028618087974583956,
      0.18359924754468088,
      0.03767083686942082,
      -0.19136961551992876,
      0.540813230039076,
      0.11734755558356283,
      0.21762116244603774,
      0.04960288306608011,
      -0.17685780458476227,
      0.0017892285901129749,
      0.06970697483719536,
      0.12528157728731676,
      -0.013125305953021093,
      0.31027811399936434,
      -0.09837073240621674,
      -0.18254361882782755
    ],
    [
      0.009664214132507343,
      -0.00251774415478446,
      0.6040432654818004,
      -0.11449482022720972,
      -0.2253731615029274,
      0.5158370382397717,
      -0.359660953754821,
      -0.06199436843296705,
      0.06026737187215524,
      0.19073178615729242,
      -0.11154133816708243,
      -0.0238996053115975,
      0.02353170124322075,
      0.042335879523187944,
      0.24809088229768222,
      -0.1769941622526878,
      0.10471153878037175,
      0.025532052209445825,
      0.07514332462136261,
      -0.2529654733997818,
      0.6522983804214033,
      1.0,
      0.25369881511605696,
      0.37097677373366744,
      0.14397041673757072,
      0.568911434194772,
      0.27542737508674053,
      0.08132669691359988,
      0.09210726863631423,
      -0.11069001219186746,
      -0.28255776989981485,
      -0.028910691666077633,
      0.12408564800457579,
      -0.2211271633089071,
      0.2563015640854704,
      0.25566183854444813,
      0.11327653054444466,
      -0.14236492340798834,
      0.558105141128796,
      0.19385190701167843,
      0.059499852453775814,
      -0.08965653403385265,
      -0.2485250753296942,
      -0.02418023062178224,
      0.1892322594554452,
      0.051402083688654475,
      -0.011849743176529289,
      0.1947346688552152,
      -0.07455725129916745,
      -0.25717449456325203
    ],
    [
      0.04088731840080963,
      -0.07240529010123259,
      0.37233099550665516,
      -0.04677550191079634,
      -0.2564423114012747,
      -0.0025084657881489234,
      -0.28764778964659665,
      -0.08717802533069971,
      -0.15440212451011232,
      0.0036635223477891115,
      -0.19684568491397994,
      -0.06654459644177825,
      0.08537275652536866,
      -0.03226007572722109,
      0.7142073490426725,
      -0.15639895971862652,
      0.04172812843252551,
      -0.05644337998277628,
      0.14987223343464728,
      -0.07362368227706087,
      0.21428526237722778,
      0.25369881511605696,
      1.0,
      0.36851574703582984,
      0.05439327180945079,
      0.19817592754125202,
      -0.0017611718522893187,
      -0.09244198688416275,
      -0.0009905199040919049,
      -0.1534017887671419,
      0.03820812824700458,
      0.15879471869003148,
      0.0673818839109961,
      -0.13358413170318026,
      0.17357374631922334,
      0.7235254876903128,
      0.03908626793901045,
      -0.08269605764034152,
      -0.18400757598220346,
      0.07984335552114899,
      0.10003680968578238,
      -0.14519432185721437,
      -0.11958591093307695,
      -0.20753457612487,
      0.2381531586609816,
      -0.07856686116163142,
      -0.0689594496343036,
      0.08054873503033386,
      0.20555204085580125,
      -0.07285189208995185
    ],
    [
      0.011534935182179832,
      0.0011388138974978725,
      0.2763943325337844,
      0.1549350740075911,
      -0.0992914022037065,
      -0.07754254946410581,
      -0.11947235924752864,
      -0.15938088878340595,
      0.028800347906967623,
      -0.020538830665759965,
      -0.16174555884090253,
      -0.08587906629753264,
      -0.10007794378236062,
      0.2058221378028976,
      0.32376285817428363,
      0.09884043518698454,
      0.05756274186637852,
      0.06690401702453572,
      0.10770064437347018,
      -0.09936582980042351,
      0.5280580600820302,
      0.37097677373366744,
      0.36851574703582984,
      1.0,
      0.30908312638467383,
      0.09038673644966766,
      0.211586131585002,
      -0.16060252321237153,
      -0.032650769494485324,
      0.09057854960465551,
      -0.016440653216465123,
      -0.03071617026158846,
      0.1588410943454081,
      0.006027843313656956,
      0.017181321209396062,
      0.3003168947533036,
      0.09378003782884403,
      -0.28303402472986106,
      -0.048587374613878076,
      0.10876278537228379,
      0.09220608978440183,
      0.09259880050092657,
      -0.024396052861776762,
      0.20992692960201642,
      0.12442931855924244,
      -0.09580212667478194,
      -0.012077548744440938,
      0.31244294951535645,
      -0.0915017405066855,
      -0.11176292223008767
    ],
    [
      0.20829232483174867,
      0.11685458027348072,
      0.07290535105275839,
      0.1600796369162361,
      -0.18531147520008248,
      0.24857758088859663,
      -0.10182533795973228,
      0.4406573418372499,
      0.015749194449213137,
      0.2433069028046207,
      -0.10574209322671728,
      0.1142659098259601,
      -0.10505397893041761,
      0.592754030236334,
      0.0802923118219661,
      0.13776057677554027,
      0.319767989598384,
      0.14993038260634095,
      0.42211064229772877,
      0.24682961754441315,
      0.39620529715073927,
      0.14397041673757072,
      0.05439327180945079,
      0.30908312638467383,
      1.0,
      0.25961858899652457,
      0.3169517893792074,
      -0.043179890543097066,
      0.2884815374186192,
      0.10350805432580372,
      0.019185253880292102,
      -0.08214250373461092,
      0.4694316124661463,
      0.10767450142765857,
      -0.25938325130056405,
      0.04972464767078307,
      0.06877533274623993,
      -0.3079186916427676,
      0.1767996307128889,
      0.21365664260141987,
      0.4111425411552564,
      0.14141103043353553,
      -0.12228845983903566,
      0.13381561291735508,
      -0.09573469648416424,
      0.3867506338615817,
      0.20343278953989513,
      0.7257227557433802,
      -0.22152416362524457,
      0.0084956160133325
    ],
    [
      0.07758234700426608,
      0.15911737066265147,
      0.5122390010016925,
      0.0944089065423864,
      -0.22633898780799316,
      0.6460647181777879,
      -0.14301916259834654,
      0.3282016851807683,
      0.19675307229979863,
      0.16961536340070155,
      -0.047396407826759815,
      0.13869728132694828,
      0.14785848445861322,
      0.307234173408805,
      0.15369310394610053,
      0.014149409143681351,
      0.11612027978117245,
      0.18824395846826583,
      0.1655153125134615,
      0.014249555608961115,
      0.5630067825326075,
      0.568911434194772,
      0.19817592754125202,
      0.09038673644966766,
      0.25961858899652457,
      1.0,
      0.200818700241494,
      0.003674771656548799,
      0.4162355630902767,
      -0.058352986192460404,
      0.008462741893444935,
      0.06452481450086335,
      0.1118814471920522,
      0.0529083023223399,
      -0.019324478835562712,
      0.15694813750497988,
      0.20715730498830115,
      -0.06746818266200898,
      0.6307749958921388,
      -0.1467846773726839,
      0.08733920380187479,
      0.02732030001381024,
      -0.24452729276871765,
      -0.15888408750445526,
      0.12351144381477919,
      0.43335123320553876,
      0.08441621028168174,
      0.35038188438540485,
      -0.05079723922470694,
      -0.28932313898936163
    ],
    [
      0.09208756477971294,
      -0.18357740868347197,
      0.02684001771163831,
      -7.897164892110221e-05,
      -0.18639809193239387,
      0.0009315374730055372,
      -0.036405333663360184,
      0.18698264175732376,
      0.11036186634389501,
      0.11304036504472445,
      -0.06272097524904288,
      0.06796977187800343,
      -0.0012484096835013512,
      0.23593965242558573,
      -0.06132643351149929,
      -0.15499863338486158,
      0.1461517056187312,
      -0.09690893541302036,
      0.10917293231270289,
      0.11889093004511783,
      0.2018310264805584,
      0.27542737508674053,
      -0.0017611718522893187,
      0.211586131585002,
      0.3169517893792074,
      0.200818700241494,
      1.0,
      0.0757152401529,
      0.11574200359281722,
      -0.06526458081935066,
      -0.09938950779291125,
      -0.059080429720090685,
      0.0011133466189237825,
      -0.12255894028349248,
      0.1139570357430946,
      -0.060531326985834855,
      -0.0018869410583769993,
      -0.2857396617568613,
      0.016259353931967847,
      0.382705827697986,
      0.05520527530568313,
      -0.13532949947537515,
      -0.013286927796013955,
      0.026320311265224806,
      -0.19275270317605564,
      0.21724988507178677,
      -0.1605556058395718,
      0.35377798105347813,
      -0.08798164427528907,
      -0.19847199081914874
    ],
    [
      -0.0872704284284597,
      -0.20215315938237088,
      -0.20032819351658904,
      -0.11148330611125512,
      0.04913378082175987,
      0.14179375560935237,
      -0.03859460715332014,
      -0.010188173022320893,
      0.32528114117008744,
      -0.13891510089502612,
      -0.10718782575648132,
      0.18957392116738236,
      0.2411464294667917,
      -0.14992482935918022,
      -0.21923202227014219,
      -0.23118805743320905,
      -0.004926745752519309,
      -0.037612448975229855,
      -0.05213762635582296,
      -0.060462191102079274,
      -0.23018055420128464,
      0.08132669691359988,
      -0.09244198688416275,
      -0.16060252321237153,
      -0.043179890543097066,
      0.003674771656548799,
      0.0757152401529,
      1.0,
      0.009655469011981527,
      -0.12661004877472876,
      -0.14713377407480416,
      -0.1343893359308657,
      -0.17042248151330802,
      -0.02763563658891502,
      0.07737781541587253,
      -0.11642845830183515,
      -0.14559987610460592,
      0.05139348125858615,
      0.15367696090931415,
      0.06677699985381277,
      -0.1699135137350924,
      -0.21933871526320664,
      -0.042569593002644734,
      -0.1222842196292852,
      -0.07542226732663372,
      0.013163532818851928,
      -0.11571012718000914,
      0.038218742014998947,
      0.001587254870194231,
      0.1388749519595179
    ],
    [
      0.25807473163738864,
      0.06919060944394545,
      -0.1494474680869565,
      -0.0841453020165053,
      -0.14185882259768562,
      0.20600449979487467,
      0.010523504144980834,
      0.5383113574346519,
      -0.09099341884118253,
      0.34434999026123614,
      -0.08427034895902724,
      0.04876632810686786,
      -0.05663280418001333,
      0.4333323014878678,
      0.020837767500594087,
      -0.016864234661780893,
      0.38050094043279803,
      0.1069904193470542,
      0.43098269890541746,
      0.13665174784850714,
      0.12842085843369266,
      0.09210726863631423,
      -0.0009905199040919049,
      -0.032650769494485324,
      0.2884815374186192,
      0.4162355630902767,
      0.11574200359281722,
      0.009655469011981527,
      1.0,
      0.07152749250173708,
      0.022194792156610382,
      -0.1854423637677059,
      0.2600904162022123,
      -0.025422186072511014,
      -0.0563275557740804,
      -0.017230756856830773,
      0.10450540622681054,
      0.057207960108337945,
      0.13104852001870437,
      -0.005588327247922342,
      0.3544411254317502,
      0.012370056478951123,
      -0.20429124678427063,
      -0.07434745056169911,
